{
 "cells": [
  {
   "cell_type": "code",
   "execution_count": 2,
   "metadata": {},
   "outputs": [],
   "source": [
    "\n",
    "import Bio\n",
    "import numpy as np\n",
    "from Bio import SeqIO\n",
    "import sys\n",
    "import csv\n",
    "import os\n",
    "import random as random\n",
    "from functions_collection_copy import *\n",
    "import time as time\n",
    "\n",
    "score_matrix={'a': {'a': 0, 'c': 1, 'g': 1, 't': 1}, 'c': {'a': 1, 'c': 0, 'g': 1, 't': 1}, 'g': {'a': 1, 'c': 1, 'g': 0, 't': 1}, 't': {'a': 1, 'c': 1, 'g': 1, 't': 0}}\n",
    "gap_cost=1\n"
   ]
  },
  {
   "cell_type": "code",
   "execution_count": 18,
   "metadata": {},
   "outputs": [
    {
     "name": "stdout",
     "output_type": "stream",
     "text": [
      "\n",
      "\n",
      "\n",
      "\n",
      "\n",
      "\n",
      "\n",
      "\n",
      "\n",
      "\n",
      "\n",
      "\n",
      "\n",
      "\n",
      "\n",
      "\n",
      "\n",
      "\n",
      "\n",
      "\n",
      "\n",
      "\n",
      "\n",
      "\n",
      "\n",
      "\n",
      "\n",
      "\n",
      "\n",
      "\n",
      "\n",
      "\n",
      "\n",
      "[[ 0.  9.  7.  8. 14. 16.  8. 12. 15.  9. 18. 20.]\n",
      " [ 9.  0. 16. 15. 20. 22. 17. 21. 22. 17. 26. 26.]\n",
      " [ 7. 16.  0. 15. 21. 22. 14. 18. 21. 15. 24. 22.]\n",
      " [ 8. 15. 15.  0.  6.  8. 16. 18. 22. 16. 23. 26.]\n",
      " [14. 20. 21.  6.  0. 14. 21. 21. 26. 18. 25. 30.]\n",
      " [16. 22. 22.  8. 14.  0. 23. 23. 28. 23. 30. 29.]\n",
      " [ 8. 17. 14. 16. 21. 23.  0.  6.  8. 17. 26. 26.]\n",
      " [12. 21. 18. 18. 21. 23.  6.  0. 14. 20. 29. 27.]\n",
      " [15. 22. 21. 22. 26. 28.  8. 14.  0. 23. 31. 31.]\n",
      " [ 9. 17. 15. 16. 18. 23. 17. 20. 23.  0.  9. 13.]\n",
      " [18. 26. 24. 23. 25. 30. 26. 29. 31.  9.  0. 22.]\n",
      " [20. 26. 22. 26. 30. 29. 26. 27. 31. 13. 22.  0.]]\n",
      "[['3', '4'], ['6', '7'], ['0', '2'], ['0', '3'], ['0', '6'], ['3', '5'], ['6', '8'], ['0', '1'], ['0', '9'], ['9', '10'], ['9', '11']]\n",
      "{1: 0, 2: 0, 3: 0, 4: 0, 5: 0, 6: 0, 7: 0, 8: 0, 9: 0, 10: 0, 11: 0}\n",
      "[[ 0.  9.  7.  8. 14. 16.  8. 12. 15.  9. 18. 20.]\n",
      " [ 9.  0. 16. 15. 20. 22. 17. 21. 22. 17. 26. 26.]\n",
      " [ 7. 16.  0. 15. 21. 22. 14. 18. 21. 15. 24. 22.]\n",
      " [ 8. 15. 15.  0.  6.  8. 16. 18. 22. 16. 23. 26.]\n",
      " [14. 20. 21.  6.  0. 14. 21. 21. 26. 18. 25. 30.]\n",
      " [16. 22. 22.  8. 14.  0. 23. 23. 28. 23. 30. 29.]\n",
      " [ 8. 17. 14. 16. 21. 23.  0.  6.  8. 17. 26. 26.]\n",
      " [12. 21. 18. 18. 21. 23.  6.  0. 14. 20. 29. 27.]\n",
      " [15. 22. 21. 22. 26. 28.  8. 14.  0. 23. 31. 31.]\n",
      " [ 9. 17. 15. 16. 18. 23. 17. 20. 23.  0.  9. 13.]\n",
      " [18. 26. 24. 23. 25. 30. 26. 29. 31.  9.  0. 22.]\n",
      " [20. 26. 22. 26. 30. 29. 26. 27. 31. 13. 22.  0.]]\n",
      "2386.9999999999995\n",
      "2979.6666666666665\n",
      "1273\n",
      "1273\n",
      "\n",
      "\n",
      "\n",
      "\n",
      "\n",
      "\n",
      "\n",
      "\n",
      "\n",
      "\n",
      "\n",
      "\n",
      "\n",
      "\n",
      "\n",
      "\n",
      "\n",
      "\n",
      "\n",
      "\n",
      "\n",
      "\n",
      "\n",
      "\n",
      "\n",
      "\n",
      "\n",
      "\n",
      "\n",
      "\n",
      "\n",
      "\n",
      "\n",
      "[[ 0.  6.  4. 19. 21. 23. 21. 25. 26. 19. 26. 24.]\n",
      " [ 6.  0.  8. 25. 27. 29. 26. 30. 29. 25. 32. 30.]\n",
      " [ 4.  8.  0. 20. 22. 25. 25. 29. 30. 23. 30. 27.]\n",
      " [19. 25. 20.  0.  3.  8. 37. 40. 40. 33. 38. 36.]\n",
      " [21. 27. 22.  3.  0. 11. 38. 41. 40. 33. 38. 37.]\n",
      " [23. 29. 25.  8. 11.  0. 37. 40. 40. 32. 37. 36.]\n",
      " [21. 26. 25. 37. 38. 37.  0.  6.  8. 32. 38. 36.]\n",
      " [25. 30. 29. 40. 41. 40.  6.  0. 14. 35. 39. 38.]\n",
      " [26. 29. 30. 40. 40. 40.  8. 14.  0. 36. 41. 38.]\n",
      " [19. 25. 23. 33. 33. 32. 32. 35. 36.  0.  7.  6.]\n",
      " [26. 32. 30. 38. 38. 37. 38. 39. 41.  7.  0. 13.]\n",
      " [24. 30. 27. 36. 37. 36. 36. 38. 38.  6. 13.  0.]]\n",
      "[['3', '4'], ['0', '2'], ['0', '1'], ['6', '7'], ['9', '11'], ['9', '10'], ['3', '5'], ['6', '8'], ['0', '3'], ['0', '9'], ['0', '6']]\n",
      "{1: 0, 2: 0, 3: 0, 4: 0, 5: 0, 6: 0, 7: 0, 8: 0, 9: 0, 10: 0, 11: 0}\n",
      "[[ 0.  6.  4. 19. 21. 23. 21. 25. 26. 19. 26. 24.]\n",
      " [ 6.  0.  8. 25. 27. 29. 26. 30. 29. 25. 32. 30.]\n",
      " [ 4.  8.  0. 20. 22. 25. 25. 29. 30. 23. 30. 27.]\n",
      " [19. 25. 20.  0.  3.  8. 37. 40. 40. 33. 38. 36.]\n",
      " [21. 27. 22.  3.  0. 11. 38. 41. 40. 33. 38. 37.]\n",
      " [23. 29. 25.  8. 11.  0. 37. 40. 40. 32. 37. 36.]\n",
      " [21. 26. 25. 37. 38. 37.  0.  6.  8. 32. 38. 36.]\n",
      " [25. 30. 29. 40. 41. 40.  6.  0. 14. 35. 39. 38.]\n",
      " [26. 29. 30. 40. 40. 40.  8. 14.  0. 36. 41. 38.]\n",
      " [19. 25. 23. 33. 33. 32. 32. 35. 36.  0.  7.  6.]\n",
      " [26. 32. 30. 38. 38. 37. 38. 39. 41.  7.  0. 13.]\n",
      " [24. 30. 27. 36. 37. 36. 36. 38. 38.  6. 13.  0.]]\n",
      "3296.333333333333\n",
      "3303.6666666666665\n",
      "1827\n",
      "1827\n",
      "\n",
      "\n",
      "\n",
      "\n",
      "\n",
      "\n",
      "\n",
      "\n",
      "\n",
      "\n",
      "\n",
      "\n",
      "\n",
      "\n",
      "\n",
      "\n",
      "\n",
      "\n",
      "\n",
      "\n",
      "\n",
      "\n",
      "\n",
      "\n",
      "\n",
      "\n",
      "\n",
      "\n",
      "\n",
      "\n",
      "\n",
      "\n",
      "\n",
      "[[ 0. 13.  8. 19. 25. 25. 29. 32. 33. 26. 32. 33.]\n",
      " [13.  0. 19. 28. 33. 34. 37. 40. 39. 35. 40. 40.]\n",
      " [ 8. 19.  0. 27. 33. 31. 32. 35. 36. 31. 37. 37.]\n",
      " [19. 28. 27.  0.  7.  6. 42. 43. 43. 41. 45. 45.]\n",
      " [25. 33. 33.  7.  0. 11. 41. 42. 42. 44. 46. 46.]\n",
      " [25. 34. 31.  6. 11.  0. 45. 47. 47. 45. 49. 47.]\n",
      " [29. 37. 32. 42. 41. 45.  0.  4.  8. 44. 48. 50.]\n",
      " [32. 40. 35. 43. 42. 47.  4.  0. 12. 46. 48. 49.]\n",
      " [33. 39. 36. 43. 42. 47.  8. 12.  0. 44. 46. 49.]\n",
      " [26. 35. 31. 41. 44. 45. 44. 46. 44.  0.  8.  9.]\n",
      " [32. 40. 37. 45. 46. 49. 48. 48. 46.  8.  0. 17.]\n",
      " [33. 40. 37. 45. 46. 47. 50. 49. 49.  9. 17.  0.]]\n",
      "[['6', '7'], ['3', '5'], ['3', '4'], ['0', '2'], ['6', '8'], ['9', '10'], ['9', '11'], ['0', '1'], ['0', '3'], ['0', '9'], ['0', '6']]\n",
      "{1: 0, 2: 0, 3: 0, 4: 0, 5: 0, 6: 0, 7: 0, 8: 0, 9: 0, 10: 0, 11: 0}\n",
      "[[ 0. 13.  8. 19. 25. 25. 29. 32. 33. 26. 32. 33.]\n",
      " [13.  0. 19. 28. 33. 34. 37. 40. 39. 35. 40. 40.]\n",
      " [ 8. 19.  0. 27. 33. 31. 32. 35. 36. 31. 37. 37.]\n",
      " [19. 28. 27.  0.  7.  6. 42. 43. 43. 41. 45. 45.]\n",
      " [25. 33. 33.  7.  0. 11. 41. 42. 42. 44. 46. 46.]\n",
      " [25. 34. 31.  6. 11.  0. 45. 47. 47. 45. 49. 47.]\n",
      " [29. 37. 32. 42. 41. 45.  0.  4.  8. 44. 48. 50.]\n",
      " [32. 40. 35. 43. 42. 47.  4.  0. 12. 46. 48. 49.]\n",
      " [33. 39. 36. 43. 42. 47.  8. 12.  0. 44. 46. 49.]\n",
      " [26. 35. 31. 41. 44. 45. 44. 46. 44.  0.  8.  9.]\n",
      " [32. 40. 37. 45. 46. 49. 48. 48. 46.  8.  0. 17.]\n",
      " [33. 40. 37. 45. 46. 47. 50. 49. 49.  9. 17.  0.]]\n",
      "4104.833333333334\n",
      "4151.833333333334\n",
      "2331\n",
      "2341\n",
      "\n",
      "\n",
      "\n",
      "\n",
      "\n",
      "\n",
      "\n",
      "\n",
      "\n",
      "\n",
      "\n",
      "\n",
      "\n",
      "\n",
      "\n",
      "\n",
      "\n",
      "\n",
      "\n",
      "\n",
      "\n",
      "\n",
      "\n",
      "\n",
      "\n",
      "\n",
      "\n",
      "\n",
      "\n",
      "\n",
      "\n",
      "\n",
      "\n",
      "[[ 0.  8.  6. 35. 39. 39. 33. 38. 43. 41. 44. 46.]\n",
      " [ 8.  0. 14. 36. 40. 41. 35. 40. 46. 44. 47. 49.]\n",
      " [ 6. 14.  0. 38. 42. 42. 36. 41. 43. 43. 47. 49.]\n",
      " [35. 36. 38.  0. 12.  9. 44. 48. 51. 50. 50. 50.]\n",
      " [39. 40. 42. 12.  0. 19. 46. 49. 54. 51. 51. 50.]\n",
      " [39. 41. 42.  9. 19.  0. 43. 48. 49. 51. 50. 51.]\n",
      " [33. 35. 36. 44. 46. 43.  0.  6. 13. 51. 52. 51.]\n",
      " [38. 40. 41. 48. 49. 48.  6.  0. 19. 52. 52. 54.]\n",
      " [43. 46. 43. 51. 54. 49. 13. 19.  0. 55. 56. 55.]\n",
      " [41. 44. 43. 50. 51. 51. 51. 52. 55.  0.  6.  9.]\n",
      " [44. 47. 47. 50. 51. 50. 52. 52. 56.  6.  0. 12.]\n",
      " [46. 49. 49. 50. 50. 51. 51. 54. 55.  9. 12.  0.]]\n",
      "[['0', '2'], ['6', '7'], ['9', '10'], ['0', '1'], ['3', '5'], ['9', '11'], ['3', '4'], ['6', '8'], ['0', '6'], ['0', '3'], ['0', '9']]\n",
      "{1: 0, 2: 0, 3: 0, 4: 0, 5: 0, 6: 0, 7: 0, 8: 0, 9: 0, 10: 0, 11: 0}\n",
      "[[ 0.  8.  6. 35. 39. 39. 33. 38. 43. 41. 44. 46.]\n",
      " [ 8.  0. 14. 36. 40. 41. 35. 40. 46. 44. 47. 49.]\n",
      " [ 6. 14.  0. 38. 42. 42. 36. 41. 43. 43. 47. 49.]\n",
      " [35. 36. 38.  0. 12.  9. 44. 48. 51. 50. 50. 50.]\n",
      " [39. 40. 42. 12.  0. 19. 46. 49. 54. 51. 51. 50.]\n",
      " [39. 41. 42.  9. 19.  0. 43. 48. 49. 51. 50. 51.]\n",
      " [33. 35. 36. 44. 46. 43.  0.  6. 13. 51. 52. 51.]\n",
      " [38. 40. 41. 48. 49. 48.  6.  0. 19. 52. 52. 54.]\n",
      " [43. 46. 43. 51. 54. 49. 13. 19.  0. 55. 56. 55.]\n",
      " [41. 44. 43. 50. 51. 51. 51. 52. 55.  0.  6.  9.]\n",
      " [44. 47. 47. 50. 51. 50. 52. 52. 56.  6.  0. 12.]\n",
      " [46. 49. 49. 50. 50. 51. 51. 54. 55.  9. 12.  0.]]\n",
      "4746.499999999999\n",
      "4513.5\n",
      "2885\n",
      "2863\n",
      "\n",
      "\n",
      "\n",
      "\n",
      "\n",
      "\n",
      "\n",
      "\n",
      "\n",
      "\n",
      "\n",
      "\n",
      "\n",
      "\n",
      "\n",
      "\n",
      "\n",
      "\n",
      "\n",
      "\n",
      "\n",
      "\n",
      "\n",
      "\n",
      "\n",
      "\n",
      "\n",
      "\n",
      "\n",
      "\n",
      "\n",
      "\n",
      "\n",
      "[[ 0.  9. 12. 50. 49. 51. 56. 55. 55. 47. 47. 47.]\n",
      " [ 9.  0. 20. 50. 50. 52. 55. 55. 55. 50. 50. 49.]\n",
      " [12. 20.  0. 51. 52. 51. 58. 57. 58. 50. 50. 48.]\n",
      " [50. 50. 51.  0. 10.  7. 51. 53. 52. 56. 56. 57.]\n",
      " [49. 50. 52. 10.  0. 16. 50. 52. 49. 54. 53. 57.]\n",
      " [51. 52. 51.  7. 16.  0. 53. 53. 53. 53. 54. 54.]\n",
      " [56. 55. 58. 51. 50. 53.  0. 10.  6. 56. 57. 56.]\n",
      " [55. 55. 57. 53. 52. 53. 10.  0. 16. 56. 57. 57.]\n",
      " [55. 55. 58. 52. 49. 53.  6. 16.  0. 55. 56. 54.]\n",
      " [47. 50. 50. 56. 54. 53. 56. 56. 55.  0. 12.  8.]\n",
      " [47. 50. 50. 56. 53. 54. 57. 57. 56. 12.  0. 19.]\n",
      " [47. 49. 48. 57. 57. 54. 56. 57. 54.  8. 19.  0.]]\n",
      "[['6', '8'], ['3', '5'], ['9', '11'], ['0', '1'], ['3', '4'], ['6', '7'], ['0', '2'], ['9', '10'], ['0', '9'], ['0', '4'], ['4', '8']]\n",
      "{1: 0, 2: 0, 3: 0, 4: 0, 5: 0, 6: 0, 7: 0, 8: 0, 9: 0, 10: 0, 11: 0}\n",
      "[[ 0.  9. 12. 50. 49. 51. 56. 55. 55. 47. 47. 47.]\n",
      " [ 9.  0. 20. 50. 50. 52. 55. 55. 55. 50. 50. 49.]\n",
      " [12. 20.  0. 51. 52. 51. 58. 57. 58. 50. 50. 48.]\n",
      " [50. 50. 51.  0. 10.  7. 51. 53. 52. 56. 56. 57.]\n",
      " [49. 50. 52. 10.  0. 16. 50. 52. 49. 54. 53. 57.]\n",
      " [51. 52. 51.  7. 16.  0. 53. 53. 53. 53. 54. 54.]\n",
      " [56. 55. 58. 51. 50. 53.  0. 10.  6. 56. 57. 56.]\n",
      " [55. 55. 57. 53. 52. 53. 10.  0. 16. 56. 57. 57.]\n",
      " [55. 55. 58. 52. 49. 53.  6. 16.  0. 55. 56. 54.]\n",
      " [47. 50. 50. 56. 54. 53. 56. 56. 55.  0. 12.  8.]\n",
      " [47. 50. 50. 56. 53. 54. 57. 57. 56. 12.  0. 19.]\n",
      " [47. 49. 48. 57. 57. 54. 56. 57. 54.  8. 19.  0.]]\n",
      "5533.0\n",
      "5437.0\n",
      "3692\n",
      "3770\n",
      "\n",
      "\n",
      "\n",
      "\n",
      "\n",
      "\n",
      "\n",
      "\n",
      "\n",
      "\n",
      "\n",
      "\n",
      "\n",
      "\n",
      "\n",
      "\n",
      "\n",
      "\n",
      "\n",
      "\n",
      "\n",
      "\n",
      "\n",
      "\n",
      "\n",
      "\n",
      "\n",
      "\n",
      "\n",
      "\n",
      "\n",
      "\n",
      "\n",
      "[[ 0.  7.  8. 46. 46. 44. 51. 47. 50. 60. 60. 60.]\n",
      " [ 7.  0. 15. 51. 50. 49. 53. 50. 51. 58. 58. 58.]\n",
      " [ 8. 15.  0. 48. 50. 46. 53. 49. 52. 61. 61. 60.]\n",
      " [46. 51. 48.  0.  6.  4. 55. 50. 53. 56. 58. 54.]\n",
      " [46. 50. 50.  6.  0.  9. 56. 50. 54. 57. 60. 57.]\n",
      " [44. 49. 46.  4.  9.  0. 57. 54. 55. 55. 57. 54.]\n",
      " [51. 53. 53. 55. 56. 57.  0. 12.  4. 53. 55. 55.]\n",
      " [47. 50. 49. 50. 50. 54. 12.  0. 15. 51. 55. 54.]\n",
      " [50. 51. 52. 53. 54. 55.  4. 15.  0. 50. 54. 52.]\n",
      " [60. 58. 61. 56. 57. 55. 53. 51. 50.  0.  6.  6.]\n",
      " [60. 58. 61. 58. 60. 57. 55. 55. 54.  6.  0. 12.]\n",
      " [60. 58. 60. 54. 57. 54. 55. 54. 52.  6. 12.  0.]]\n",
      "[['3', '5'], ['6', '8'], ['3', '4'], ['9', '10'], ['9', '11'], ['0', '1'], ['0', '2'], ['6', '7'], ['0', '5'], ['0', '7'], ['8', '9']]\n",
      "{1: 0, 2: 0, 3: 0, 4: 0, 5: 0, 6: 0, 7: 0, 8: 0, 9: 0, 10: 0, 11: 0}\n",
      "[[ 0.  7.  8. 46. 46. 44. 51. 47. 50. 60. 60. 60.]\n",
      " [ 7.  0. 15. 51. 50. 49. 53. 50. 51. 58. 58. 58.]\n",
      " [ 8. 15.  0. 48. 50. 46. 53. 49. 52. 61. 61. 60.]\n",
      " [46. 51. 48.  0.  6.  4. 55. 50. 53. 56. 58. 54.]\n",
      " [46. 50. 50.  6.  0.  9. 56. 50. 54. 57. 60. 57.]\n",
      " [44. 49. 46.  4.  9.  0. 57. 54. 55. 55. 57. 54.]\n",
      " [51. 53. 53. 55. 56. 57.  0. 12.  4. 53. 55. 55.]\n",
      " [47. 50. 49. 50. 50. 54. 12.  0. 15. 51. 55. 54.]\n",
      " [50. 51. 52. 53. 54. 55.  4. 15.  0. 50. 54. 52.]\n",
      " [60. 58. 61. 56. 57. 55. 53. 51. 50.  0.  6.  6.]\n",
      " [60. 58. 61. 58. 60. 57. 55. 55. 54.  6.  0. 12.]\n",
      " [60. 58. 60. 54. 57. 54. 55. 54. 52.  6. 12.  0.]]\n",
      "5479.833333333334\n",
      "5043.5\n",
      "3913\n",
      "3777\n",
      "\n",
      "\n",
      "\n",
      "\n",
      "\n",
      "\n",
      "\n",
      "\n",
      "\n",
      "\n",
      "\n",
      "\n",
      "\n",
      "\n",
      "\n",
      "\n",
      "\n",
      "\n",
      "\n",
      "\n",
      "\n",
      "\n",
      "\n",
      "\n",
      "\n",
      "\n",
      "\n",
      "\n",
      "\n",
      "\n",
      "\n",
      "\n",
      "\n",
      "[[ 0.  9.  5. 54. 55. 55. 55. 56. 55. 58. 54. 58.]\n",
      " [ 9.  0. 14. 55. 55. 56. 55. 55. 55. 55. 53. 54.]\n",
      " [ 5. 14.  0. 55. 54. 55. 55. 55. 55. 59. 55. 57.]\n",
      " [54. 55. 55.  0.  3.  3. 57. 57. 57. 60. 61. 59.]\n",
      " [55. 55. 54.  3.  0.  6. 57. 56. 57. 60. 62. 59.]\n",
      " [55. 56. 55.  3.  6.  0. 58. 59. 56. 59. 59. 59.]\n",
      " [55. 55. 55. 57. 57. 58.  0.  5.  7. 61. 60. 63.]\n",
      " [56. 55. 55. 57. 56. 59.  5.  0. 12. 61. 61. 63.]\n",
      " [55. 55. 55. 57. 57. 56.  7. 12.  0. 59. 58. 61.]\n",
      " [58. 55. 59. 60. 60. 59. 61. 61. 59.  0. 10.  3.]\n",
      " [54. 53. 55. 61. 62. 59. 60. 61. 58. 10.  0. 13.]\n",
      " [58. 54. 57. 59. 59. 59. 63. 63. 61.  3. 13.  0.]]\n",
      "[['3', '4'], ['3', '5'], ['9', '11'], ['0', '2'], ['6', '7'], ['6', '8'], ['0', '1'], ['9', '10'], ['1', '10'], ['0', '3'], ['0', '6']]\n",
      "{1: 0, 2: 0, 3: 0, 4: 0, 5: 0, 6: 0, 7: 0, 8: 0, 9: 0, 10: 0, 11: 0}\n",
      "[[ 0.  9.  5. 54. 55. 55. 55. 56. 55. 58. 54. 58.]\n",
      " [ 9.  0. 14. 55. 55. 56. 55. 55. 55. 55. 53. 54.]\n",
      " [ 5. 14.  0. 55. 54. 55. 55. 55. 55. 59. 55. 57.]\n",
      " [54. 55. 55.  0.  3.  3. 57. 57. 57. 60. 61. 59.]\n",
      " [55. 55. 54.  3.  0.  6. 57. 56. 57. 60. 62. 59.]\n",
      " [55. 56. 55.  3.  6.  0. 58. 59. 56. 59. 59. 59.]\n",
      " [55. 55. 55. 57. 57. 58.  0.  5.  7. 61. 60. 63.]\n",
      " [56. 55. 55. 57. 56. 59.  5.  0. 12. 61. 61. 63.]\n",
      " [55. 55. 55. 57. 57. 56.  7. 12.  0. 59. 58. 61.]\n",
      " [58. 55. 59. 60. 60. 59. 61. 61. 59.  0. 10.  3.]\n",
      " [54. 53. 55. 61. 62. 59. 60. 61. 58. 10.  0. 13.]\n",
      " [58. 54. 57. 59. 59. 59. 63. 63. 61.  3. 13.  0.]]\n",
      "5859.333333333334\n",
      "5400.666666666667\n",
      "4172\n",
      "4027\n",
      "\n",
      "\n",
      "\n",
      "\n",
      "\n",
      "\n",
      "\n",
      "\n",
      "\n",
      "\n",
      "\n",
      "\n",
      "\n",
      "\n",
      "\n",
      "\n",
      "\n",
      "\n",
      "\n",
      "\n",
      "\n",
      "\n",
      "\n",
      "\n",
      "\n",
      "\n",
      "\n",
      "\n",
      "\n",
      "\n",
      "\n",
      "\n",
      "\n",
      "[[ 0. 21. 30.  6. 20. 23.  9. 20. 28.  9. 21. 29.]\n",
      " [21.  0. 45. 26. 35. 37. 30. 37. 40. 27. 33. 39.]\n",
      " [30. 45.  0. 31. 42. 34. 36. 44. 44. 33. 39. 43.]\n",
      " [ 6. 26. 31.  0. 15. 20. 15. 25. 34. 15. 27. 35.]\n",
      " [20. 35. 42. 15.  0. 31. 24. 32. 37. 27. 36. 41.]\n",
      " [23. 37. 34. 20. 31.  0. 29. 36. 41. 29. 36. 43.]\n",
      " [ 9. 30. 36. 15. 24. 29.  0. 14. 21. 18. 30. 36.]\n",
      " [20. 37. 44. 25. 32. 36. 14.  0. 32. 27. 34. 44.]\n",
      " [28. 40. 44. 34. 37. 41. 21. 32.  0. 34. 43. 46.]\n",
      " [ 9. 27. 33. 15. 27. 29. 18. 27. 34.  0. 13. 20.]\n",
      " [21. 33. 39. 27. 36. 36. 30. 34. 43. 13.  0. 23.]\n",
      " [29. 39. 43. 35. 41. 43. 36. 44. 46. 20. 23.  0.]]\n",
      "[['0', '3'], ['0', '6'], ['0', '9'], ['9', '10'], ['6', '7'], ['3', '4'], ['3', '5'], ['9', '11'], ['0', '1'], ['6', '8'], ['0', '2']]\n",
      "{1: 0, 2: 0, 3: 0, 4: 0, 5: 0, 6: 0, 7: 0, 8: 0, 9: 0, 10: 0, 11: 0}\n",
      "[[ 0. 21. 30.  6. 20. 23.  9. 20. 28.  9. 21. 29.]\n",
      " [21.  0. 45. 26. 35. 37. 30. 37. 40. 27. 33. 39.]\n",
      " [30. 45.  0. 31. 42. 34. 36. 44. 44. 33. 39. 43.]\n",
      " [ 6. 26. 31.  0. 15. 20. 15. 25. 34. 15. 27. 35.]\n",
      " [20. 35. 42. 15.  0. 31. 24. 32. 37. 27. 36. 41.]\n",
      " [23. 37. 34. 20. 31.  0. 29. 36. 41. 29. 36. 43.]\n",
      " [ 9. 30. 36. 15. 24. 29.  0. 14. 21. 18. 30. 36.]\n",
      " [20. 37. 44. 25. 32. 36. 14.  0. 32. 27. 34. 44.]\n",
      " [28. 40. 44. 34. 37. 41. 21. 32.  0. 34. 43. 46.]\n",
      " [ 9. 27. 33. 15. 27. 29. 18. 27. 34.  0. 13. 20.]\n",
      " [21. 33. 39. 27. 36. 36. 30. 34. 43. 13.  0. 23.]\n",
      " [29. 39. 43. 35. 41. 43. 36. 44. 46. 20. 23.  0.]]\n",
      "3507.1666666666665\n",
      "4176.166666666667\n",
      "2022\n",
      "2030\n",
      "\n",
      "\n",
      "\n",
      "\n",
      "\n",
      "\n",
      "\n",
      "\n",
      "\n",
      "\n",
      "\n",
      "\n",
      "\n",
      "\n",
      "\n",
      "\n",
      "\n",
      "\n",
      "\n",
      "\n",
      "\n",
      "\n",
      "\n",
      "\n",
      "\n",
      "\n",
      "\n",
      "\n",
      "\n",
      "\n",
      "\n",
      "\n",
      "\n",
      "[[ 0. 18. 16. 15. 25. 27. 19. 36. 33. 23. 36. 33.]\n",
      " [18.  0. 28. 27. 35. 35. 32. 45. 40. 36. 45. 46.]\n",
      " [16. 28.  0. 26. 34. 34. 30. 42. 41. 35. 44. 40.]\n",
      " [15. 27. 26.  0. 16. 17. 28. 42. 40. 32. 43. 39.]\n",
      " [25. 35. 34. 16.  0. 29. 34. 42. 46. 37. 44. 44.]\n",
      " [27. 35. 34. 17. 29.  0. 36. 46. 46. 39. 50. 41.]\n",
      " [19. 32. 30. 28. 34. 36.  0. 21. 20. 38. 46. 44.]\n",
      " [36. 45. 42. 42. 42. 46. 21.  0. 37. 47. 50. 50.]\n",
      " [33. 40. 41. 40. 46. 46. 20. 37.  0. 49. 52. 49.]\n",
      " [23. 36. 35. 32. 37. 39. 38. 47. 49.  0. 19. 17.]\n",
      " [36. 45. 44. 43. 44. 50. 46. 50. 52. 19.  0. 33.]\n",
      " [33. 46. 40. 39. 44. 41. 44. 50. 49. 17. 33.  0.]]\n",
      "[['0', '3'], ['0', '2'], ['3', '4'], ['3', '5'], ['9', '11'], ['0', '1'], ['0', '6'], ['9', '10'], ['6', '8'], ['6', '7'], ['0', '9']]\n",
      "{1: 0, 2: 0, 3: 0, 4: 0, 5: 0, 6: 0, 7: 0, 8: 0, 9: 0, 10: 0, 11: 0}\n",
      "[[ 0. 18. 16. 15. 25. 27. 19. 36. 33. 23. 36. 33.]\n",
      " [18.  0. 28. 27. 35. 35. 32. 45. 40. 36. 45. 46.]\n",
      " [16. 28.  0. 26. 34. 34. 30. 42. 41. 35. 44. 40.]\n",
      " [15. 27. 26.  0. 16. 17. 28. 42. 40. 32. 43. 39.]\n",
      " [25. 35. 34. 16.  0. 29. 34. 42. 46. 37. 44. 44.]\n",
      " [27. 35. 34. 17. 29.  0. 36. 46. 46. 39. 50. 41.]\n",
      " [19. 32. 30. 28. 34. 36.  0. 21. 20. 38. 46. 44.]\n",
      " [36. 45. 42. 42. 42. 46. 21.  0. 37. 47. 50. 50.]\n",
      " [33. 40. 41. 40. 46. 46. 20. 37.  0. 49. 52. 49.]\n",
      " [23. 36. 35. 32. 37. 39. 38. 47. 49.  0. 19. 17.]\n",
      " [36. 45. 44. 43. 44. 50. 46. 50. 52. 19.  0. 33.]\n",
      " [33. 46. 40. 39. 44. 41. 44. 50. 49. 17. 33.  0.]]\n",
      "4297.333333333334\n",
      "5126.0\n",
      "2530\n",
      "2528\n",
      "\n",
      "\n",
      "\n",
      "\n",
      "\n",
      "\n",
      "\n",
      "\n",
      "\n",
      "\n",
      "\n",
      "\n",
      "\n",
      "\n",
      "\n",
      "\n",
      "\n",
      "\n",
      "\n",
      "\n",
      "\n",
      "\n",
      "\n",
      "\n",
      "\n",
      "\n",
      "\n",
      "\n",
      "\n",
      "\n",
      "\n",
      "\n",
      "\n",
      "[[ 0. 16. 15. 26. 39. 39. 28. 31. 37. 32. 44. 36.]\n",
      " [16.  0. 25. 34. 44. 44. 37. 39. 42. 39. 46. 42.]\n",
      " [15. 25.  0. 39. 47. 49. 36. 40. 43. 42. 49. 44.]\n",
      " [26. 34. 39.  0. 20. 22. 43. 43. 44. 45. 50. 45.]\n",
      " [39. 44. 47. 20.  0. 34. 47. 48. 49. 49. 53. 51.]\n",
      " [39. 44. 49. 22. 34.  0. 46. 48. 46. 49. 55. 46.]\n",
      " [28. 37. 36. 43. 47. 46.  0. 19. 14. 42. 50. 42.]\n",
      " [31. 39. 40. 43. 48. 48. 19.  0. 27. 49. 51. 48.]\n",
      " [37. 42. 43. 44. 49. 46. 14. 27.  0. 50. 54. 48.]\n",
      " [32. 39. 42. 45. 49. 49. 42. 49. 50.  0. 23. 16.]\n",
      " [44. 46. 49. 50. 53. 55. 50. 51. 54. 23.  0. 32.]\n",
      " [36. 42. 44. 45. 51. 46. 42. 48. 48. 16. 32.  0.]]\n",
      "[['6', '8'], ['0', '2'], ['0', '1'], ['9', '11'], ['6', '7'], ['3', '4'], ['3', '5'], ['9', '10'], ['0', '3'], ['0', '6'], ['0', '9']]\n",
      "{1: 0, 2: 0, 3: 0, 4: 0, 5: 0, 6: 0, 7: 0, 8: 0, 9: 0, 10: 0, 11: 0}\n",
      "[[ 0. 16. 15. 26. 39. 39. 28. 31. 37. 32. 44. 36.]\n",
      " [16.  0. 25. 34. 44. 44. 37. 39. 42. 39. 46. 42.]\n",
      " [15. 25.  0. 39. 47. 49. 36. 40. 43. 42. 49. 44.]\n",
      " [26. 34. 39.  0. 20. 22. 43. 43. 44. 45. 50. 45.]\n",
      " [39. 44. 47. 20.  0. 34. 47. 48. 49. 49. 53. 51.]\n",
      " [39. 44. 49. 22. 34.  0. 46. 48. 46. 49. 55. 46.]\n",
      " [28. 37. 36. 43. 47. 46.  0. 19. 14. 42. 50. 42.]\n",
      " [31. 39. 40. 43. 48. 48. 19.  0. 27. 49. 51. 48.]\n",
      " [37. 42. 43. 44. 49. 46. 14. 27.  0. 50. 54. 48.]\n",
      " [32. 39. 42. 45. 49. 49. 42. 49. 50.  0. 23. 16.]\n",
      " [44. 46. 49. 50. 53. 55. 50. 51. 54. 23.  0. 32.]\n",
      " [36. 42. 44. 45. 51. 46. 42. 48. 48. 16. 32.  0.]]\n",
      "4845.500000000001\n",
      "5621.166666666668\n",
      "2794\n",
      "2804\n",
      "\n",
      "\n",
      "\n",
      "\n",
      "\n",
      "\n",
      "\n",
      "\n",
      "\n",
      "\n",
      "\n",
      "\n",
      "\n",
      "\n",
      "\n",
      "\n",
      "\n",
      "\n",
      "\n",
      "\n",
      "\n",
      "\n",
      "\n",
      "\n",
      "\n",
      "\n",
      "\n",
      "\n",
      "\n",
      "\n",
      "\n",
      "\n",
      "\n",
      "[[ 0. 19. 14. 36. 39. 46. 32. 42. 42. 34. 48. 45.]\n",
      " [19.  0. 31. 43. 44. 49. 43. 51. 51. 45. 54. 48.]\n",
      " [14. 31.  0. 46. 44. 53. 40. 50. 46. 40. 51. 46.]\n",
      " [36. 43. 46.  0. 26. 16. 50. 52. 50. 53. 57. 53.]\n",
      " [39. 44. 44. 26.  0. 36. 47. 51. 48. 53. 57. 55.]\n",
      " [46. 49. 53. 16. 36.  0. 52. 54. 56. 58. 59. 57.]\n",
      " [32. 43. 40. 50. 47. 52.  0. 15. 21. 48. 55. 51.]\n",
      " [42. 51. 50. 52. 51. 54. 15.  0. 31. 52. 57. 54.]\n",
      " [42. 51. 46. 50. 48. 56. 21. 31.  0. 54. 57. 56.]\n",
      " [34. 45. 40. 53. 53. 58. 48. 52. 54.  0. 35. 19.]\n",
      " [48. 54. 51. 57. 57. 59. 55. 57. 57. 35.  0. 45.]\n",
      " [45. 48. 46. 53. 55. 57. 51. 54. 56. 19. 45.  0.]]\n",
      "[['0', '2'], ['6', '7'], ['3', '5'], ['0', '1'], ['9', '11'], ['6', '8'], ['3', '4'], ['0', '6'], ['0', '9'], ['9', '10'], ['0', '3']]\n",
      "{1: 0, 2: 0, 3: 0, 4: 0, 5: 0, 6: 0, 7: 0, 8: 0, 9: 0, 10: 0, 11: 0}\n",
      "[[ 0. 19. 14. 36. 39. 46. 32. 42. 42. 34. 48. 45.]\n",
      " [19.  0. 31. 43. 44. 49. 43. 51. 51. 45. 54. 48.]\n",
      " [14. 31.  0. 46. 44. 53. 40. 50. 46. 40. 51. 46.]\n",
      " [36. 43. 46.  0. 26. 16. 50. 52. 50. 53. 57. 53.]\n",
      " [39. 44. 44. 26.  0. 36. 47. 51. 48. 53. 57. 55.]\n",
      " [46. 49. 53. 16. 36.  0. 52. 54. 56. 58. 59. 57.]\n",
      " [32. 43. 40. 50. 47. 52.  0. 15. 21. 48. 55. 51.]\n",
      " [42. 51. 50. 52. 51. 54. 15.  0. 31. 52. 57. 54.]\n",
      " [42. 51. 46. 50. 48. 56. 21. 31.  0. 54. 57. 56.]\n",
      " [34. 45. 40. 53. 53. 58. 48. 52. 54.  0. 35. 19.]\n",
      " [48. 54. 51. 57. 57. 59. 55. 57. 57. 35.  0. 45.]\n",
      " [45. 48. 46. 53. 55. 57. 51. 54. 56. 19. 45.  0.]]\n",
      "5591.666666666667\n",
      "6885.0\n",
      "3394\n",
      "3421\n",
      "\n",
      "\n",
      "\n",
      "\n",
      "\n",
      "\n",
      "\n",
      "\n",
      "\n",
      "\n",
      "\n",
      "\n",
      "\n",
      "\n",
      "\n",
      "\n",
      "\n",
      "\n",
      "\n",
      "\n",
      "\n",
      "\n",
      "\n",
      "\n",
      "\n",
      "\n",
      "\n",
      "\n",
      "\n",
      "\n",
      "\n",
      "\n",
      "\n",
      "[[ 0. 28. 17. 52. 55. 58. 51. 49. 46. 50. 51. 54.]\n",
      " [28.  0. 36. 58. 57. 58. 55. 54. 52. 55. 53. 57.]\n",
      " [17. 36.  0. 55. 54. 60. 51. 53. 49. 51. 52. 54.]\n",
      " [52. 58. 55.  0. 25. 21. 56. 57. 53. 52. 52. 54.]\n",
      " [55. 57. 54. 25.  0. 37. 54. 58. 52. 52. 54. 55.]\n",
      " [58. 58. 60. 21. 37.  0. 61. 61. 56. 54. 56. 54.]\n",
      " [51. 55. 51. 56. 54. 61.  0. 12. 21. 51. 55. 54.]\n",
      " [49. 54. 53. 57. 58. 61. 12.  0. 31. 53. 56. 53.]\n",
      " [46. 52. 49. 53. 52. 56. 21. 31.  0. 54. 56. 54.]\n",
      " [50. 55. 51. 52. 52. 54. 51. 53. 54.  0. 15. 17.]\n",
      " [51. 53. 52. 52. 54. 56. 55. 56. 56. 15.  0. 25.]\n",
      " [54. 57. 54. 54. 55. 54. 54. 53. 54. 17. 25.  0.]]\n",
      "[['6', '7'], ['9', '10'], ['0', '2'], ['9', '11'], ['3', '5'], ['6', '8'], ['3', '4'], ['0', '1'], ['0', '8'], ['0', '9'], ['0', '3']]\n",
      "{0: 9, 1: 9, 2: 9, 3: 9, 4: 9, 5: 9, 6: 9, 7: 9, 8: 9, 10: 9, 11: 9}\n",
      "[[ 0. 28. 17. 52. 55. 58. 51. 49. 46. 50. 51. 54.]\n",
      " [28.  0. 36. 58. 57. 58. 55. 54. 52. 55. 53. 57.]\n",
      " [17. 36.  0. 55. 54. 60. 51. 53. 49. 51. 52. 54.]\n",
      " [52. 58. 55.  0. 25. 21. 56. 57. 53. 52. 52. 54.]\n",
      " [55. 57. 54. 25.  0. 37. 54. 58. 52. 52. 54. 55.]\n",
      " [58. 58. 60. 21. 37.  0. 61. 61. 56. 54. 56. 54.]\n",
      " [51. 55. 51. 56. 54. 61.  0. 12. 21. 51. 55. 54.]\n",
      " [49. 54. 53. 57. 58. 61. 12.  0. 31. 53. 56. 53.]\n",
      " [46. 52. 49. 53. 52. 56. 21. 31.  0. 54. 56. 54.]\n",
      " [50. 55. 51. 52. 52. 54. 51. 53. 54.  0. 15. 17.]\n",
      " [51. 53. 52. 52. 54. 56. 55. 56. 56. 15.  0. 25.]\n",
      " [54. 57. 54. 54. 55. 54. 54. 53. 54. 17. 25.  0.]]\n",
      "5773.166666666668\n",
      "6053.500000000001\n",
      "4200\n",
      "4108\n",
      "\n",
      "\n",
      "\n",
      "\n",
      "\n",
      "\n",
      "\n",
      "\n",
      "\n",
      "\n",
      "\n",
      "\n",
      "\n",
      "\n",
      "\n",
      "\n",
      "\n",
      "\n",
      "\n",
      "\n",
      "\n",
      "\n",
      "\n",
      "\n",
      "\n",
      "\n",
      "\n",
      "\n",
      "\n",
      "\n",
      "\n",
      "\n",
      "\n",
      "[[ 0. 23. 14. 49. 48. 50. 51. 57. 54. 51. 53. 52.]\n",
      " [23.  0. 31. 53. 53. 51. 48. 55. 48. 55. 53. 51.]\n",
      " [14. 31.  0. 54. 50. 54. 55. 55. 55. 53. 52. 53.]\n",
      " [49. 53. 54.  0. 21. 19. 55. 54. 54. 56. 56. 57.]\n",
      " [48. 53. 50. 21.  0. 30. 53. 51. 52. 54. 55. 52.]\n",
      " [50. 51. 54. 19. 30.  0. 54. 54. 55. 52. 54. 52.]\n",
      " [51. 48. 55. 55. 53. 54.  0. 18. 21. 55. 58. 56.]\n",
      " [57. 55. 55. 54. 51. 54. 18.  0. 35. 57. 57. 56.]\n",
      " [54. 48. 55. 54. 52. 55. 21. 35.  0. 58. 58. 55.]\n",
      " [51. 55. 53. 56. 54. 52. 55. 57. 58.  0. 17. 24.]\n",
      " [53. 53. 52. 56. 55. 54. 58. 57. 58. 17.  0. 35.]\n",
      " [52. 51. 53. 57. 52. 52. 56. 56. 55. 24. 35.  0.]]\n",
      "[['0', '2'], ['9', '10'], ['6', '7'], ['3', '5'], ['3', '4'], ['6', '8'], ['0', '1'], ['9', '11'], ['0', '4'], ['1', '6'], ['0', '9']]\n",
      "{1: 0, 2: 0, 3: 0, 4: 0, 5: 0, 6: 0, 7: 0, 8: 0, 9: 0, 10: 0, 11: 0}\n",
      "[[ 0. 23. 14. 49. 48. 50. 51. 57. 54. 51. 53. 52.]\n",
      " [23.  0. 31. 53. 53. 51. 48. 55. 48. 55. 53. 51.]\n",
      " [14. 31.  0. 54. 50. 54. 55. 55. 55. 53. 52. 53.]\n",
      " [49. 53. 54.  0. 21. 19. 55. 54. 54. 56. 56. 57.]\n",
      " [48. 53. 50. 21.  0. 30. 53. 51. 52. 54. 55. 52.]\n",
      " [50. 51. 54. 19. 30.  0. 54. 54. 55. 52. 54. 52.]\n",
      " [51. 48. 55. 55. 53. 54.  0. 18. 21. 55. 58. 56.]\n",
      " [57. 55. 55. 54. 51. 54. 18.  0. 35. 57. 57. 56.]\n",
      " [54. 48. 55. 54. 52. 55. 21. 35.  0. 58. 58. 55.]\n",
      " [51. 55. 53. 56. 54. 52. 55. 57. 58.  0. 17. 24.]\n",
      " [53. 53. 52. 56. 55. 54. 58. 57. 58. 17.  0. 35.]\n",
      " [52. 51. 53. 57. 52. 52. 56. 56. 55. 24. 35.  0.]]\n",
      "5861.166666666667\n",
      "6568.833333333333\n",
      "4396\n",
      "4410\n",
      "\n",
      "\n",
      "\n",
      "\n",
      "\n",
      "\n",
      "\n",
      "\n",
      "\n",
      "\n",
      "\n",
      "\n",
      "\n",
      "\n",
      "\n",
      "\n",
      "\n",
      "\n",
      "\n",
      "\n",
      "\n",
      "\n",
      "\n",
      "\n",
      "\n",
      "\n",
      "\n",
      "\n",
      "\n",
      "\n",
      "\n",
      "\n",
      "\n",
      "[[ 0. 10. 19. 58. 59. 60. 62. 59. 63. 55. 55. 58.]\n",
      " [10.  0. 28. 58. 56. 58. 61. 58. 62. 54. 55. 59.]\n",
      " [19. 28.  0. 58. 55. 57. 60. 60. 61. 53. 55. 60.]\n",
      " [58. 58. 58.  0. 19. 23. 56. 59. 57. 57. 55. 52.]\n",
      " [59. 56. 55. 19.  0. 33. 61. 60. 58. 60. 56. 57.]\n",
      " [60. 58. 57. 23. 33.  0. 55. 55. 56. 57. 57. 53.]\n",
      " [62. 61. 60. 56. 61. 55.  0. 17. 20. 60. 56. 62.]\n",
      " [59. 58. 60. 59. 60. 55. 17.  0. 31. 58. 58. 58.]\n",
      " [63. 62. 61. 57. 58. 56. 20. 31.  0. 58. 53. 58.]\n",
      " [55. 54. 53. 57. 60. 57. 60. 58. 58.  0. 23. 21.]\n",
      " [55. 55. 55. 55. 56. 57. 56. 58. 53. 23.  0. 35.]\n",
      " [58. 59. 60. 52. 57. 53. 62. 58. 58. 21. 35.  0.]]\n",
      "[['0', '1'], ['6', '7'], ['0', '2'], ['3', '4'], ['6', '8'], ['9', '11'], ['3', '5'], ['9', '10'], ['3', '11'], ['2', '9'], ['8', '10']]\n",
      "{0: 3, 1: 3, 2: 3, 4: 3, 5: 3, 6: 3, 7: 3, 8: 3, 9: 3, 10: 3, 11: 3}\n",
      "[[ 0. 10. 19. 58. 59. 60. 62. 59. 63. 55. 55. 58.]\n",
      " [10.  0. 28. 58. 56. 58. 61. 58. 62. 54. 55. 59.]\n",
      " [19. 28.  0. 58. 55. 57. 60. 60. 61. 53. 55. 60.]\n",
      " [58. 58. 58.  0. 19. 23. 56. 59. 57. 57. 55. 52.]\n",
      " [59. 56. 55. 19.  0. 33. 61. 60. 58. 60. 56. 57.]\n",
      " [60. 58. 57. 23. 33.  0. 55. 55. 56. 57. 57. 53.]\n",
      " [62. 61. 60. 56. 61. 55.  0. 17. 20. 60. 56. 62.]\n",
      " [59. 58. 60. 59. 60. 55. 17.  0. 31. 58. 58. 58.]\n",
      " [63. 62. 61. 57. 58. 56. 20. 31.  0. 58. 53. 58.]\n",
      " [55. 54. 53. 57. 60. 57. 60. 58. 58.  0. 23. 21.]\n",
      " [55. 55. 55. 55. 56. 57. 56. 58. 53. 23.  0. 35.]\n",
      " [58. 59. 60. 52. 57. 53. 62. 58. 58. 21. 35.  0.]]\n",
      "6282.833333333333\n",
      "6983.833333333332\n",
      "4528\n",
      "4420\n",
      "\n",
      "\n",
      "\n",
      "\n",
      "\n",
      "\n",
      "\n",
      "\n",
      "\n",
      "\n",
      "\n",
      "\n",
      "\n",
      "\n",
      "\n",
      "\n",
      "\n",
      "\n",
      "\n",
      "\n",
      "\n",
      "\n",
      "\n",
      "\n",
      "\n",
      "\n",
      "\n",
      "\n",
      "\n",
      "\n",
      "\n",
      "\n",
      "\n",
      "[[ 0. 28. 27.  5. 30. 25.  6. 37. 27.  8. 28. 36.]\n",
      " [28.  0. 40. 30. 39. 37. 31. 51. 40. 35. 44. 46.]\n",
      " [27. 40.  0. 29. 46. 42. 31. 48. 46. 32. 45. 48.]\n",
      " [ 5. 30. 29.  0. 26. 21. 10. 39. 29. 13. 31. 40.]\n",
      " [30. 39. 46. 26.  0. 38. 33. 48. 45. 37. 44. 53.]\n",
      " [25. 37. 42. 21. 38.  0. 30. 50. 38. 29. 44. 43.]\n",
      " [ 6. 31. 31. 10. 33. 30.  0. 32. 23. 14. 34. 38.]\n",
      " [37. 51. 48. 39. 48. 50. 32.  0. 47. 41. 50. 51.]\n",
      " [27. 40. 46. 29. 45. 38. 23. 47.  0. 32. 44. 42.]\n",
      " [ 8. 35. 32. 13. 37. 29. 14. 41. 32.  0. 28. 29.]\n",
      " [28. 44. 45. 31. 44. 44. 34. 50. 44. 28.  0. 40.]\n",
      " [36. 46. 48. 40. 53. 43. 38. 51. 42. 29. 40.  0.]]\n",
      "[['0', '3'], ['0', '6'], ['0', '9'], ['3', '5'], ['6', '8'], ['3', '4'], ['0', '2'], ['0', '1'], ['0', '10'], ['9', '11'], ['6', '7']]\n",
      "{1: 0, 2: 0, 3: 0, 4: 0, 5: 0, 6: 0, 7: 0, 8: 0, 9: 0, 10: 0, 11: 0}\n",
      "[[ 0. 28. 27.  5. 30. 25.  6. 37. 27.  8. 28. 36.]\n",
      " [28.  0. 40. 30. 39. 37. 31. 51. 40. 35. 44. 46.]\n",
      " [27. 40.  0. 29. 46. 42. 31. 48. 46. 32. 45. 48.]\n",
      " [ 5. 30. 29.  0. 26. 21. 10. 39. 29. 13. 31. 40.]\n",
      " [30. 39. 46. 26.  0. 38. 33. 48. 45. 37. 44. 53.]\n",
      " [25. 37. 42. 21. 38.  0. 30. 50. 38. 29. 44. 43.]\n",
      " [ 6. 31. 31. 10. 33. 30.  0. 32. 23. 14. 34. 38.]\n",
      " [37. 51. 48. 39. 48. 50. 32.  0. 47. 41. 50. 51.]\n",
      " [27. 40. 46. 29. 45. 38. 23. 47.  0. 32. 44. 42.]\n",
      " [ 8. 35. 32. 13. 37. 29. 14. 41. 32.  0. 28. 29.]\n",
      " [28. 44. 45. 31. 44. 44. 34. 50. 44. 28.  0. 40.]\n",
      " [36. 46. 48. 40. 53. 43. 38. 51. 42. 29. 40.  0.]]\n",
      "4238.666666666666\n",
      "5731.333333333334\n",
      "2388\n",
      "2407\n",
      "\n",
      "\n",
      "\n",
      "\n",
      "\n",
      "\n",
      "\n",
      "\n",
      "\n",
      "\n",
      "\n",
      "\n",
      "\n",
      "\n",
      "\n",
      "\n",
      "\n",
      "\n",
      "\n",
      "\n",
      "\n",
      "\n",
      "\n",
      "\n",
      "\n",
      "\n",
      "\n",
      "\n",
      "\n",
      "\n",
      "\n",
      "\n",
      "\n",
      "[[ 0. 27. 29. 17. 36. 31. 21. 34. 37. 19. 41. 38.]\n",
      " [27.  0. 38. 41. 48. 51. 39. 46. 47. 37. 49. 44.]\n",
      " [29. 38.  0. 40. 50. 44. 41. 40. 54. 35. 43. 40.]\n",
      " [17. 41. 40.  0. 23. 22. 33. 38. 45. 32. 47. 40.]\n",
      " [36. 48. 50. 23.  0. 42. 47. 49. 54. 44. 48. 50.]\n",
      " [31. 51. 44. 22. 42.  0. 41. 45. 48. 42. 46. 47.]\n",
      " [21. 39. 41. 33. 47. 41.  0. 19. 30. 30. 46. 42.]\n",
      " [34. 46. 40. 38. 49. 45. 19.  0. 41. 39. 49. 44.]\n",
      " [37. 47. 54. 45. 54. 48. 30. 41.  0. 47. 52. 54.]\n",
      " [19. 37. 35. 32. 44. 42. 30. 39. 47.  0. 32. 27.]\n",
      " [41. 49. 43. 47. 48. 46. 46. 49. 52. 32.  0. 48.]\n",
      " [38. 44. 40. 40. 50. 47. 42. 44. 54. 27. 48.  0.]]\n",
      "[['0', '3'], ['0', '9'], ['6', '7'], ['0', '6'], ['3', '5'], ['3', '4'], ['0', '1'], ['9', '11'], ['0', '2'], ['6', '8'], ['9', '10']]\n",
      "{1: 0, 2: 0, 3: 0, 4: 0, 5: 0, 6: 0, 7: 0, 8: 0, 9: 0, 10: 0, 11: 0}\n",
      "[[ 0. 27. 29. 17. 36. 31. 21. 34. 37. 19. 41. 38.]\n",
      " [27.  0. 38. 41. 48. 51. 39. 46. 47. 37. 49. 44.]\n",
      " [29. 38.  0. 40. 50. 44. 41. 40. 54. 35. 43. 40.]\n",
      " [17. 41. 40.  0. 23. 22. 33. 38. 45. 32. 47. 40.]\n",
      " [36. 48. 50. 23.  0. 42. 47. 49. 54. 44. 48. 50.]\n",
      " [31. 51. 44. 22. 42.  0. 41. 45. 48. 42. 46. 47.]\n",
      " [21. 39. 41. 33. 47. 41.  0. 19. 30. 30. 46. 42.]\n",
      " [34. 46. 40. 38. 49. 45. 19.  0. 41. 39. 49. 44.]\n",
      " [37. 47. 54. 45. 54. 48. 30. 41.  0. 47. 52. 54.]\n",
      " [19. 37. 35. 32. 44. 42. 30. 39. 47.  0. 32. 27.]\n",
      " [41. 49. 43. 47. 48. 46. 46. 49. 52. 32.  0. 48.]\n",
      " [38. 44. 40. 40. 50. 47. 42. 44. 54. 27. 48.  0.]]\n",
      "4931.666666666667\n",
      "6531.666666666666\n",
      "2868\n",
      "2889\n",
      "\n",
      "\n",
      "\n",
      "\n",
      "\n",
      "\n",
      "\n",
      "\n",
      "\n",
      "\n",
      "\n",
      "\n",
      "\n",
      "\n",
      "\n",
      "\n",
      "\n",
      "\n",
      "\n",
      "\n",
      "\n",
      "\n",
      "\n",
      "\n",
      "\n",
      "\n",
      "\n",
      "\n",
      "\n",
      "\n",
      "\n",
      "\n",
      "\n",
      "[[ 0. 28. 28. 24. 34. 43. 24. 38. 41. 22. 32. 34.]\n",
      " [28.  0. 41. 42. 50. 49. 45. 51. 50. 38. 44. 48.]\n",
      " [28. 41.  0. 42. 47. 49. 44. 50. 52. 42. 46. 49.]\n",
      " [24. 42. 42.  0. 18. 28. 38. 44. 46. 38. 45. 44.]\n",
      " [34. 50. 47. 18.  0. 38. 44. 47. 48. 45. 47. 46.]\n",
      " [43. 49. 49. 28. 38.  0. 46. 44. 51. 49. 47. 46.]\n",
      " [24. 45. 44. 38. 44. 46.  0. 22. 23. 36. 42. 44.]\n",
      " [38. 51. 50. 44. 47. 44. 22.  0. 41. 45. 49. 51.]\n",
      " [41. 50. 52. 46. 48. 51. 23. 41.  0. 46. 50. 49.]\n",
      " [22. 38. 42. 38. 45. 49. 36. 45. 46.  0. 19. 22.]\n",
      " [32. 44. 46. 45. 47. 47. 42. 49. 50. 19.  0. 38.]\n",
      " [34. 48. 49. 44. 46. 46. 44. 51. 49. 22. 38.  0.]]\n",
      "[['3', '4'], ['9', '10'], ['0', '9'], ['6', '7'], ['9', '11'], ['6', '8'], ['0', '3'], ['0', '6'], ['0', '1'], ['0', '2'], ['3', '5']]\n",
      "{1: 0, 2: 0, 3: 0, 4: 0, 5: 0, 6: 0, 7: 0, 8: 0, 9: 0, 10: 0, 11: 0}\n",
      "[[ 0. 28. 28. 24. 34. 43. 24. 38. 41. 22. 32. 34.]\n",
      " [28.  0. 41. 42. 50. 49. 45. 51. 50. 38. 44. 48.]\n",
      " [28. 41.  0. 42. 47. 49. 44. 50. 52. 42. 46. 49.]\n",
      " [24. 42. 42.  0. 18. 28. 38. 44. 46. 38. 45. 44.]\n",
      " [34. 50. 47. 18.  0. 38. 44. 47. 48. 45. 47. 46.]\n",
      " [43. 49. 49. 28. 38.  0. 46. 44. 51. 49. 47. 46.]\n",
      " [24. 45. 44. 38. 44. 46.  0. 22. 23. 36. 42. 44.]\n",
      " [38. 51. 50. 44. 47. 44. 22.  0. 41. 45. 49. 51.]\n",
      " [41. 50. 52. 46. 48. 51. 23. 41.  0. 46. 50. 49.]\n",
      " [22. 38. 42. 38. 45. 49. 36. 45. 46.  0. 19. 22.]\n",
      " [32. 44. 46. 45. 47. 47. 42. 49. 50. 19.  0. 38.]\n",
      " [34. 48. 49. 44. 46. 46. 44. 51. 49. 22. 38.  0.]]\n",
      "4900.5\n",
      "5852.833333333334\n",
      "2959\n",
      "3002\n",
      "\n",
      "\n",
      "\n",
      "\n",
      "\n",
      "\n",
      "\n",
      "\n",
      "\n",
      "\n",
      "\n",
      "\n",
      "\n",
      "\n",
      "\n",
      "\n",
      "\n",
      "\n",
      "\n",
      "\n",
      "\n",
      "\n",
      "\n",
      "\n",
      "\n",
      "\n",
      "\n",
      "\n",
      "\n",
      "\n",
      "\n",
      "\n",
      "\n",
      "[[ 0. 26. 23. 36. 43. 43. 35. 48. 39. 41. 51. 51.]\n",
      " [26.  0. 40. 49. 48. 51. 48. 53. 53. 53. 56. 50.]\n",
      " [23. 40.  0. 48. 50. 54. 41. 50. 47. 52. 55. 53.]\n",
      " [36. 49. 48.  0. 25. 22. 51. 54. 58. 48. 55. 57.]\n",
      " [43. 48. 50. 25.  0. 33. 53. 52. 55. 50. 52. 52.]\n",
      " [43. 51. 54. 22. 33.  0. 53. 55. 54. 49. 54. 56.]\n",
      " [35. 48. 41. 51. 53. 53.  0. 33. 25. 53. 52. 55.]\n",
      " [48. 53. 50. 54. 52. 55. 33.  0. 47. 56. 53. 56.]\n",
      " [39. 53. 47. 58. 55. 54. 25. 47.  0. 55. 52. 54.]\n",
      " [41. 53. 52. 48. 50. 49. 53. 56. 55.  0. 22. 29.]\n",
      " [51. 56. 55. 55. 52. 54. 52. 53. 52. 22.  0. 39.]\n",
      " [51. 50. 53. 57. 52. 56. 55. 56. 54. 29. 39.  0.]]\n",
      "[['3', '5'], ['9', '10'], ['0', '2'], ['3', '4'], ['6', '8'], ['0', '1'], ['9', '11'], ['6', '7'], ['0', '6'], ['0', '3'], ['0', '9']]\n",
      "{1: 0, 2: 0, 3: 0, 4: 0, 5: 0, 6: 0, 7: 0, 8: 0, 9: 0, 10: 0, 11: 0}\n",
      "[[ 0. 26. 23. 36. 43. 43. 35. 48. 39. 41. 51. 51.]\n",
      " [26.  0. 40. 49. 48. 51. 48. 53. 53. 53. 56. 50.]\n",
      " [23. 40.  0. 48. 50. 54. 41. 50. 47. 52. 55. 53.]\n",
      " [36. 49. 48.  0. 25. 22. 51. 54. 58. 48. 55. 57.]\n",
      " [43. 48. 50. 25.  0. 33. 53. 52. 55. 50. 52. 52.]\n",
      " [43. 51. 54. 22. 33.  0. 53. 55. 54. 49. 54. 56.]\n",
      " [35. 48. 41. 51. 53. 53.  0. 33. 25. 53. 52. 55.]\n",
      " [48. 53. 50. 54. 52. 55. 33.  0. 47. 56. 53. 56.]\n",
